
home=[[1.7750, 0.0313, 1.9600],[0.6062, 0.3532, 0.6126, 0.3640], [0, 1, -1, 1], [9E+09,9E+09,9E+09,9E+09,9E+09,9E+09]];
pickup1=[[-0.2697, -0.8774, 0.0423],[0.0944, 0.7119, 0.6755, -0.1673], [0, 1, 0, 6], [9E+09,9E+09,9E+09,9E+09,9E+09,9E+09]];